function [ Cmap ] = radar_cmap()
% radar_cmap create color map for radar reflectivity
%
% calibrated for caxis([ -2.5 77.5 ])

% entries are: R G B

Cmap = [
    0.4000    0.6000    0.6000
    0.2000    0.3000    0.3000
    0.2000    1.0000    1.0000
    0.2000    0.6000    1.0000
         0         0    1.0000
    0.3000    1.0000         0
    0.1000    0.8000         0
         0    0.6000         0
    1.0000    1.0000         0
    1.0000    0.7500         0
    1.0000    0.5000         0
    1.0000         0         0
    0.7500         0         0
    0.5000         0         0
    1.0000         0    0.8000
    0.6000    0.3000    1.0000
    1.0000    1.0000    1.0000
];

end
