function [ ] = Sounding2(Dummy)

% From RAMS log
%
%------------------------------SOUNDING INPUT----------------------------------
%
%       PS         HS       TS      THDS      US       VS       RTS     REL HUM
%      (Pa)       (m)      (K)      (K)      (m/s)    (m/s)   (kg/kg)     (%)

SOUNDING = [
    100000.0       0.0   300.00   300.00     0.00     0.00   0.01300     57.1
     97206.8     250.0   297.92   300.34     0.42     0.00   0.01300     63.0
     94473.4     500.0   295.96   300.81     0.83     0.00   0.01300     69.0
     91799.8     750.0   294.06   301.34     1.22     0.00   0.01300     75.5
     89184.7    1000.0   292.21   301.93     1.61     0.00   0.01211     76.9
     86626.8    1250.0   290.38   302.54     1.97     0.00   0.01095     75.8
     84125.2    1500.0   288.58   303.20     2.31     0.00   0.00989     74.8
     81679.4    1750.0   286.80   303.88     2.63     0.00   0.00893     73.7
     79289.0    2000.0   285.03   304.58     2.91     0.00   0.00806     72.5
     76953.1    2250.0   283.28   305.31     3.18     0.00   0.00726     71.4
     74671.3    2500.0   281.54   306.05     3.41     0.00   0.00653     70.2
     72442.7    2750.0   279.81   306.82     3.62     0.00   0.00587     69.0
     70266.6    3000.0   278.09   307.60     3.81     0.00   0.00527     67.8
     68142.3    3250.0   276.37   308.40     3.97     0.00   0.00473     66.6
     66069.0    3500.0   274.67   309.22     4.12     0.00   0.00423     65.3
     64045.8    3750.0   272.97   310.05     4.24     0.00   0.00378     64.0
     62072.1    4000.0   271.27   310.89     4.35     0.00   0.00337     62.7
     60147.0    4250.0   269.58   311.75     4.44     0.00   0.00300     61.4
     58269.6    4500.0   267.90   312.62     4.53     0.00   0.00267     60.1
     56439.2    4750.0   266.21   313.50     4.60     0.00   0.00237     58.8
     54678.8    5000.0   271.80   323.00     4.66     0.00   0.00210     33.0
     53008.3    5249.9   277.74   333.00     4.71     0.00   0.00185     18.3
     51415.1    5499.9   281.12   340.00     4.75     0.00   0.00163     12.3
     49894.2    5749.9   286.92   350.00     4.79     0.00   0.00143      7.1
     48447.1    5999.9   292.64   360.00     4.82     0.00   0.00126      4.1
     47068.4    6249.9   298.30   370.00     4.85     0.00   0.00110      2.4
     45717.9    6499.9   287.83   360.00     4.87     0.00   0.00096      4.1
     44358.3    6749.9   277.43   350.00     4.89     0.00   0.00083      7.0
     42989.7    6999.9   267.10   340.00     4.91     0.00   0.00072     12.7
     41617.9    7250.0   259.19   333.00     4.92     0.00   0.00062     19.9
     40245.2    7500.0   249.70   323.90     4.93     0.00   0.00054     37.4
     38888.4    7750.0   248.02   324.90     4.94     0.00   0.00046     36.0
     37568.7    8000.0   246.35   325.90     4.95     0.00   0.00039     34.6
     36285.1    8250.0   244.67   326.92     4.96     0.00   0.00033     33.2
     35037.0    8500.0   243.00   327.94     4.97     0.00   0.00028     31.8
     33823.6    8750.0   241.32   328.97     4.97     0.00   0.00024     30.5
     32644.1    9000.0   239.63   330.01     4.98     0.00   0.00020     29.1
     31497.8    9250.0   237.95   331.06     4.98     0.00   0.00017     27.7
     30384.1    9500.0   236.26   332.11     4.98     0.00   0.00014     26.4
     29302.1    9750.0   234.57   333.17     4.99     0.00   0.00012     25.0
     28251.3   10000.0   232.88   334.24     4.99     0.00   0.00010     23.6
     27230.8   10250.0   231.18   335.31     4.99     0.00   0.00008     22.3
     26240.1   10500.0   229.48   336.39     4.99     0.00   0.00006     21.0
     25278.5   10750.0   227.78   337.48     4.99     0.00   0.00005     19.7
     24345.2   11000.0   226.07   338.57     4.99     0.00   0.00004     18.4
     23439.7   11250.0   224.36   339.67     4.99     0.00   0.00003     17.1
     22561.4   11500.0   222.65   340.77     5.00     0.00   0.00003     15.8
     21709.5   11750.0   220.93   341.88     5.00     0.00   0.00002     14.5
     20883.5   12000.0   219.21   343.00     5.00     0.00   0.00002     13.3
     20086.0   12250.0   219.28   346.95     5.00     0.00   0.00001      8.0
     19319.2   12500.0   219.35   350.95     5.00     0.00   0.00001      7.6
     18582.0   12749.9   219.42   354.99     5.00     0.00   0.00001      7.3
     17873.1   12999.9   219.50   359.08     5.00     0.00   0.00001      6.9
     17191.4   13249.9   219.57   363.22     5.00     0.00   0.00001      6.6
     16536.0   13499.9   219.65   367.41     5.00     0.00   0.00001      6.3
     15905.8   13749.9   219.73   371.64     5.00     0.00   0.00001      6.0
     15299.8   13999.9   219.80   375.92     5.00     0.00   0.00001      5.7
     14717.1   14249.9   219.88   380.25     5.00     0.00   0.00001      5.5
     14156.8   14499.9   219.96   384.64     5.00     0.00   0.00001      5.2
     13618.0   14749.9   220.04   389.07     5.00     0.00   0.00001      5.0
     13100.0   14999.9   220.12   393.55     5.00     0.00   0.00001      4.7
     12601.8   15249.9   220.21   398.08     5.00     0.00   0.00001      4.5
     12122.7   15499.9   220.29   402.67     5.00     0.00   0.00001      4.3
     11662.0   15749.9   220.37   407.31     5.00     0.00   0.00001      4.1
     11219.0   15999.9   220.46   412.00     5.00     0.00   0.00001      3.9
     10793.0   16249.9   220.54   416.75     5.00     0.00   0.00001      3.7
     10383.3   16499.9   220.63   421.55     5.00     0.00   0.00001      3.5
      9989.3   16749.9   220.72   426.41     5.00     0.00   0.00001      3.4
      9610.4   16999.8   220.81   431.32     5.00     0.00   0.00001      3.2
      9246.0   17249.8   220.90   436.29     5.00     0.00   0.00001      3.0
      8895.6   17499.8   220.99   441.32     5.00     0.00   0.00001      2.9
      8558.6   17749.8   221.08   446.41     5.00     0.00   0.00001      2.8
      8234.5   17999.8   221.17   451.55     5.00     0.00   0.00001      2.6
      7922.8   18249.8   221.27   456.75     5.00     0.00   0.00001      2.5
      7623.1   18499.8   221.36   462.02     5.00     0.00   0.00001      2.4
      7334.7   18749.8   221.46   467.34     5.00     0.00   0.00001      2.3
      7057.5   18999.8   221.56   472.72     5.00     0.00   0.00001      2.1
      6790.8   19249.8   221.66   478.17     5.00     0.00   0.00001      2.0
      6534.3   19499.8   221.76   483.68     5.00     0.00   0.00001      1.9
      6287.6   19749.8   221.86   489.25     5.00     0.00   0.00001      1.8
      6050.3   19999.8   221.96   494.89     5.00     0.00   0.00001      1.8
      5822.1   20249.8   222.06   500.59     5.00     0.00   0.00001      1.7
      5602.6   20499.8   222.17   506.36     5.00     0.00   0.00001      1.6
      5391.4   20749.7   222.27   512.20     5.00     0.00   0.00001      1.5
      5188.4   20999.7   222.38   518.10     5.00     0.00   0.00001      1.4
      4993.0   21249.7   222.49   524.07     5.00     0.00   0.00001      1.4
      4805.1   21499.7   222.60   530.11     5.00     0.00   0.00001      1.3
      4624.4   21749.7   222.71   536.21     5.00     0.00   0.00001      1.2
      4450.5   21999.7   222.82   542.39     5.00     0.00   0.00001      1.2
      4283.3   22249.7   222.93   548.64     5.00     0.00   0.00001      1.1
      4122.4   22499.7   223.05   554.96     5.00     0.00   0.00001      1.1
      3967.7   22749.7   223.16   561.36     5.00     0.00   0.00001      1.0
      3818.8   22999.7   223.28   567.83     5.00     0.00   0.00001      1.0
      3675.6   23249.7   223.40   574.37     5.00     0.00   0.00001      0.9
      3537.8   23499.7   223.52   580.99     5.00     0.00   0.00001      0.9
      3405.3   23749.7   223.64   587.68     5.00     0.00   0.00001      0.8
      3277.8   23999.7   223.76   594.45     5.00     0.00   0.00001      0.8
      3155.2   24249.7   223.89   601.30     5.00     0.00   0.00001      0.7
